This file was created using the 201804 Bloomberg database.

Missing data are indicated by -99.99.



           WML
199011    2.68
199012    0.50
199101   -1.39
199102   -7.71
199103    0.38
199104    1.68
199105   -0.64
199106    0.54
199107    4.83
199108    3.83
199109    4.13
199110    3.07
199111    0.42
199112    1.97
199201    1.04
199202    1.52
199203    0.56
199204    1.80
199205    0.98
199206    3.50
199207    2.53
199208    3.91
199209    4.12
199210   -3.22
199211   -0.26
199212    1.31
199301   -1.37
199302   -1.23
199303    2.76
199304   -2.01
199305    1.01
199306    1.85
199307    0.49
199308   -1.33
199309    1.91
199310    1.82
199311   -0.82
199312    1.08
199401    2.26
199402   -0.88
199403   -2.50
199404   -0.01
199405   -0.13
199406   -0.99
199407    0.27
199408   -0.56
199409    1.14
199410    0.25
199411   -1.16
199412    0.94
199501    2.20
199502    1.67
199503   -0.26
199504    0.04
199505   -0.66
199506    3.45
199507    0.95
199508    1.96
199509    5.78
199510    4.52
199511    2.09
199512   -0.31
199601   -0.80
199602    1.70
199603    2.66
199604    1.16
199605    2.10
199606    1.34
199607   -2.03
199608    2.65
199609    2.42
199610    3.38
199611    1.30
199612    1.59
199701    0.83
199702    0.54
199703   -0.96
199704    2.10
199705    2.24
199706    0.91
199707    2.50
199708   -2.21
199709    3.93
199710   -1.29
199711   -0.44
199712    2.92
199801    4.00
199802    1.35
199803    2.14
199804   -1.22
199805    1.00
199806    2.36
199807    6.19
199808   -1.77
199809   -4.95
199810    0.24
199811    2.94
199812    4.71
199901    6.01
199902   -1.88
199903   -7.90
199904   -7.40
199905    3.41
199906    1.09
199907    3.73
199908    4.69
199909    1.51
199910    5.50
199911   12.59
199912    6.25
200001    6.24
200002    8.38
200003  -11.42
200004   -9.08
200005   -6.83
200006   -0.51
200007   -1.02
200008    3.27
200009   -4.10
200010   -4.77
200011   -5.08
200012    0.89
200101   -6.62
200102    7.60
200103    4.02
200104   -4.19
200105    6.66
200106    9.48
200107    1.60
200108    8.13
200109    9.82
200110   -6.69
200111   -9.68
200112    2.76
200201    5.93
200202    5.93
200203   -2.47
200204    6.01
200205    4.81
200206    8.10
200207    4.83
200208    2.18
200209   13.75
200210   -6.03
200211   -8.83
200212   11.10
200301    2.10
200302    6.17
200303    2.18
200304  -14.42
200305   -2.40
200306   -4.57
200307   -4.73
200308   -2.34
200309    1.02
200310    5.61
200311   -0.11
200312   -0.62
200401    3.84
200402    0.53
200403   -2.39
200404   -1.78
200405   -0.21
200406    2.16
200407    0.35
200408    1.33
200409    2.35
200410    0.00
200411    0.91
200412    0.81
200501    0.91
200502    1.47
200503    0.33
200504    0.84
200505    1.63
200506    3.21
200507    1.13
200508    2.67
200509    2.89
200510   -1.76
200511    1.29
200512    1.42
200601    4.29
200602    0.88
200603    2.29
200604    3.03
200605   -2.87
200606   -1.27
200607    0.07
200608   -0.14
200609    1.31
200610    0.53
200611    1.78
200612    2.78
200701    1.11
200702    1.13
200703    1.96
200704    0.55
200705    1.37
200706   -0.40
200707    1.61
200708   -0.13
200709    3.31
200710    3.87
200711    1.97
200712    2.13
200801    0.48
200802    1.73
200803    0.15
200804    0.03
200805    4.48
200806    9.55
200807   -2.27
200808   -4.83
200809    3.97
200810   10.26
200811    2.35
200812   -0.88
200901    3.19
200902    4.57
200903  -10.26
200904  -26.24
200905   -7.61
200906    2.46
200907   -1.59
200908   -9.24
200909   -2.83
200910    3.86
200911    2.00
200912    0.34
201001    0.77
201002    0.12
201003    5.24
201004    1.76
201005    0.86
201006    1.58
201007   -1.74
201008    3.81
201009    4.39
201010    0.10
201011    7.98
201012    1.69
201101   -5.52
201102   -0.14
201103    2.21
201104    2.49
201105    0.65
201106    2.33
201107    1.34
201108   -0.44
201109   -1.22
201110    0.02
201111    6.17
201112    2.89
201201   -9.05
201202   -1.86
201203    3.83
201204    8.94
201205    7.32
201206   -3.71
201207    4.71
201208   -2.93
201209   -0.90
201210    0.72
201211    2.35
201212   -1.01
201301   -0.46
201302    4.52
201303    2.62
201304    0.98
201305    0.53
201306    1.18
201307    3.67
201308   -2.36
201309    2.50
201310    1.98
201311    2.66
201312    1.47
201401    2.30
201402    1.93
201403   -1.06
201404   -3.44
201405   -0.18
201406    0.30
201407   -0.67
201408    0.37
201409    2.40
201410    1.06
201411   -0.66
201412    1.91
201501    3.50
201502   -3.84
201503    1.66
201504   -2.11
201505    3.65
201506    0.96
201507    3.59
201508    2.13
201509    4.44
201510   -1.79
201511    2.78
201512    4.02
201601    1.18
201602   -0.74
201603   -1.38
201604   -3.94
201605    3.84
201606    7.05
201607   -0.29
201608   -1.78
201609    3.01
201610   -0.97
201611   -2.17
201612   -1.84
201701    2.83
201702   -1.66
201703    0.14
201704    0.15
201705   -0.34
201706    1.53
201707    2.10
201708    1.33
201709    0.72
201710    1.29
201711    0.11
201712   -1.39
201801    2.99
201802    0.63
201803   -0.43
201804    0.71



 Annual Factors: January-December
         WML
1991   12.46
1992   15.34
1993    5.68
1994   -1.68
1995   24.45
1996   20.73
1997   12.01
1998   18.25
1999   36.16
2000  -21.84
2001   22.10
2002   43.81
2003  -15.16
2004    9.44
2005   18.15
2006   16.55
2007   20.06
2008   14.67
2009  -49.60
2010   29.34
2011    8.95
2012   13.64
2013   25.19
2014    3.84
2015   20.37
2016    2.92
2017    8.86
